439.3224
196.9840
437.7629
197.0544
442.4668
197.8353
441.2320
239.6623
235.4489
225.2789
197.7049
197.2662
216.0774
414.6150
216.0774
406.5226
415.1820
354.6258
393.7406
389.1529
272.0589
198.2155
235.7701
216.2585
422.1793
240.2709
237.3832
216.6404
202.4679
391.5635
224.8541
258.4809
254.5816
233.4980
222.0359
223.6597
273.8204
197.8618
392.0331
274.4399
198.5899
238.7547
227.2863
361.8774
197.2662
198.5899
424.2978
202.2162
365.1485
225.3221
393.9543
371.7786
201.4410
396.3317
363.5547
278.2834
399.9374
253.6499
198.0279
422.7056
197.0887
218.5075
218.4412
201.0500
418.0282
359.0401
230.3829
414.1687
429.5809
419.4792
220.1471
369.6015
197.2662
429.8144
217.9714
385.3007
196.9840
264.2086
258.6033
217.6204
224.0082
217.0286
215.7684
196.8068
370.4841
416.1062
233.9314
223.8742
201.0094
218.0823
238.8296
219.5989
377.0569
199.7770
269.1974
369.3816
279.0749
241.2876
363.5044
269.9598
853.5939
1494.8228
793.9671
1674.9370
1248.1488
616.6274
1252.9765
1461.2571
782.0723
1334.3228
677.6528
1517.4570
1480.7311
1558.7048
1558.7612
1443.1535
830.7148
673.8174
1192.1315
690.1797
1648.8517
1607.9638
739.6371
1126.5096
714.4180
1619.7486
813.8607
766.7223
595.6437
805.6401
1486.0228
900.3825
973.9425
841.9145
1399.8854
765.0351
1101.4186
1451.2375
1473.3085
894.4084
669.0426
856.0270
1149.2655
812.3658
946.3587
1417.8490
1574.3913
1362.4594
883.7423
1482.9749
848.6868
1327.9957
927.1354
1439.5618
1292.8180
756.2493
1195.1060
1064.1483
781.6167
670.7383
1358.1302
585.3307
1132.3446
824.6819
1487.0626
1392.7016
740.2352
777.2772
1635.5797
479.4582
725.1129
940.8832
808.7412
1157.7086
1144.3485
1384.6984
1537.6212
784.4129
672.1729
689.9767
1498.7258
1079.6098
815.6046
1665.2886
1018.7150
1058.6365
735.8193
882.8695
767.9526
1408.6254
1534.0210
1305.1069
927.4406
582.4946
527.4461
1157.6793
986.0222
680.9559
697.3635
863.3196
1929.6966
1603.4139
1650.0746
1001.0638
1466.4215
2025.6309
1137.5159
951.4219
1185.4666
1632.1787
1525.2959
1329.4713
1471.1928
1121.9671
1703.5035
1735.0592
1624.8634
1130.9442
1895.2580
1559.5114
1004.4663
1354.3678
1900.4331
1739.0787
1789.1884
1393.7966
1339.1411
1826.2275
1013.0626
1621.3493
672.9777
1362.8710
1111.6509
1609.8221
1061.9992
1793.7777
1126.4649
1602.3369
1549.7008
1449.2642
1140.3158
1514.9113
816.2978
1570.7107
1673.4690
1772.6477
1995.4596
1821.0104
1636.5176
1760.4423
1269.9849
1227.7081
1907.3560
1604.7167
1827.5310
1120.3847
1547.0924
924.4921
1490.5474
1164.1316
1572.4233
1664.1717
1763.8748
1283.9167
1620.6185
1737.2872
1637.7112
1236.6055
1425.5830
1873.6664
1507.1746
1767.8943
1324.0511
1155.3769
958.9833
892.7449
1829.3377
1427.3905
1549.9170
941.8662
2025.1553
1192.7539
1604.3212
1972.9848
1384.5562
1932.9543
1803.2626
1129.7838
1663.0821
1169.2237
1975.2027
1864.5929
2088.6323
1910.3346
1067.4481
1492.7111
915.9830
1842.9772
1621.4147
1682.4666
1387.9713
1020.6496
1302.6073
812.8478
1370.1367
814.5119
996.8933
1433.2074
1391.8934
1511.7036
1024.6732
1252.4257
1111.8281
1180.2867
1196.8788
897.5517
1044.2444
633.6465
1095.9899
1033.1348
1474.1201
831.3742
748.0530
1437.8794
1516.5882
1104.8725
1210.7947
1518.0152
1126.3704
919.9760
578.6797
613.6705
645.5498
1882.2703
1318.3671
780.6501
735.3156
622.3292
984.2841
1071.5901
642.4416
859.9276
1301.7209
1317.5293
945.6430
1092.2559
1367.8815
613.9229
963.6877
1120.6163
1686.5823
1001.4506
642.9429
1120.5603
642.4658
729.1575
1303.3913
1365.8682
600.1200
718.5405
726.1640
1099.4968
1842.0839
1354.6178
591.5371
1624.9355
1460.0123
875.7267
743.7071
1136.2130
1051.6130
1095.2484
1384.1484
1280.5980
1312.9282
1054.1553
1360.1378
613.7071
727.2225
1234.9827
767.2699
998.1868
1298.9970
554.5184
1171.6057
727.1581
1876.2744
559.3617
884.1978
1401.7008
652.3052
1003.8400
669.7428
1362.5515
1625.9669
1119.6223
1370.3892
792.8777
1118.1101
1578.1922
961.8057
685.0241
881.8498
1063.7335
787.1367
509.4753
986.2188
937.4090
518.7988
1173.6701
643.7804
1118.7389
816.1560
972.1214
764.6855
611.4493
1173.0254
516.5566
1402.4344
496.6811
1057.3767
500.2337
824.0008
879.2836
703.8348
828.0355
1254.1678
771.3919
510.2254
1372.3601
522.7124
738.5330
1029.9627
992.8086
683.7725
1562.6830
890.5992
854.5513
724.4742
1041.7683
1020.7471
902.4145
554.7930
661.9917
606.7960
1108.0322
617.7336
848.0268
1176.5666
683.4055
279.2192
274.8136
281.8793
675.2201
1168.2385
605.8116
851.8070
761.6425
423.1904
764.8199
833.2531
791.6451
933.9029
764.2095
1231.2095
453.7527
856.1866
1137.4065
1230.4507
308.6964
737.3766
934.1791
1076.6917
1098.8621
715.7010
756.3410
1056.9454
1143.0906
843.5274
347.2988
582.8103
708.2888
275.2783
291.7884
788.8374
652.3619
1181.9217
862.5228
737.2125
1172.5659
489.2765
611.1502
332.3644
726.5999
317.9375
291.8269
1063.6924
889.0426
799.6906
759.2091
1029.2732
857.5738
638.6750
270.8700
1051.5689
262.0600
751.4821
611.7962
848.5693
613.9782
854.3937
744.0645
638.5147
403.5863
276.6384
742.2473
757.8047
1218.5697
841.8887
419.0761
962.6877
720.8286
1211.5435
395.4183
642.2776
452.6094
639.3165
763.7443
837.3865
342.0825
655.7023
926.6601
798.6594
643.6941
275.5727
797.1033
997.8661
282.4907
1088.8791
626.4662
847.3397
1038.8035
821.6211
289.8221
466.1965
341.3665
1142.8520
1101.6004
344.7808
747.7102
1443.3357
1095.7787
1167.5820
1410.8419
1147.7159
551.6772
704.0893
766.1130
1154.2472
1384.3989
790.0818
1306.8765
871.5404
693.8966
1438.2883
732.1706
707.0195
598.9649
964.4934
1374.7083
632.7308
668.6293
850.5516
1492.0171
1312.4776
740.6875
1434.7603
704.4927
1270.0634
664.5605
671.5756
1084.8042
625.1913
630.9921
796.4178
1449.8070
1370.5359
913.2300
1022.4978
1276.6670
1472.2742
887.6469
1087.6515
1503.4107
753.7333
1358.0485
1291.3693
1243.9628
807.5171
1124.7452
1417.9909
767.7140
1535.6267
1235.9906
590.4568
1398.7480
802.0174
644.5182
784.5132
1450.1734
853.7539
1093.1129
1137.2637
1431.9247
1361.4937
773.2597
1018.1509
1153.1078
1407.8744
694.7891
1507.4864
516.1214
1296.5835
545.0577
885.7642
1159.6164
1332.2818
757.4865
1476.2479
957.7530
787.0348
700.6308
721.4776
1443.8394
843.2692
677.3384
1478.1506
1310.1336
802.6824
1470.8692
555.8806
996.6128
711.1725
1048.0711
941.2304
1117.4482
687.8604
1337.3076
1289.9015
781.8986
1799.2311
1983.1867
1960.6416
1897.4097
1881.5120
1964.3053
1969.6421
1985.8445
1994.7429
1942.7921
1952.2315
1947.5584
1755.9249
1944.2496
1873.3720
1855.1268
1796.4790
1975.7058
1845.7743
1758.7925
1716.9840
1777.1053
1973.8365
1925.4460
1973.3542
1885.6882
1915.9531
2001.4821
1742.2728
1990.9611
1873.2001
1899.6773
1968.6841
1948.0918
2010.8040
1843.3523
1803.5863
1893.5213
1908.1006
1760.0658
1835.5242
1994.4795
1959.3314
1792.4636
1804.3749
1936.1457
1874.9169
1840.0274
2025.7419
1995.6902
1856.5741
1941.9870
1870.2967
1929.7011
1913.4220
1828.5023
1947.7185
2014.7692
1906.8212
1894.8808
1876.3660
1865.0619
1870.6080
1909.1641
1924.6412
1863.9281
1956.0366
1878.3409
1945.9186
1843.5452
2046.2211
1938.2385
1913.6298
1943.6374
1868.3655
2021.9692
1832.8408
1994.7872
1793.0530
1906.2198
1911.3411
1870.0974
1830.8162
1906.8167
1896.5531
1852.4095
1845.8443
1813.5134
1910.4868
1976.1768
1848.9616
1976.4354
2019.1014
1795.7051
1949.8862
1764.3711
1852.2030
2004.0268
1843.9224
1824.7850
1344.7670
1194.5535
914.9531
1879.6130
1420.3795
812.7127
1217.3810
1310.7008
591.8840
1233.5362
2035.3385
1505.7016
1834.5552
1726.5088
1509.3036
2036.7176
1661.4386
1774.5854
1766.1463
1421.4591
1398.9426
2140.7772
1682.5391
1782.4187
1448.8431
1436.3112
1562.0466
860.4702
1955.9546
1409.4733
1732.2339
1492.7676
1840.0314
1079.5044
1499.3766
1966.7872
658.0817
1858.9419
1676.6565
450.0295
1941.7447
1996.2391
1145.2938
662.1645
1321.6232
1652.0761
1923.1427
724.9457
1550.8443
1383.1458
1518.0602
1426.1349
1241.5143
2048.1571
1554.5442
989.9450
1502.2523
1887.2966
1217.2728
1910.6228
1281.8427
1059.3738
734.2114
205.6471
1342.5600
1190.6402
1224.4771
1846.0987
1355.0157
861.1493
1454.5193
1391.7829
1413.2468
518.5207
1515.8358
1596.8409
1470.1606
1653.3283
678.8897
1617.1480
1185.9967
953.5115
1462.5132
1867.0041
589.8115
1735.6778
1444.5304
1685.0905
963.9801
1759.0863
2010.8250
785.8083
1329.3390
1356.2738
1470.5724
1683.7160
1787.7598
1270.5749
967.1541
1038.4490
1482.4218
1825.0016
1593.5805
1837.2265
1824.5227
1773.0617
1813.7199
1844.7797
1364.3923
1543.1319
1291.2538
1138.3505
1078.7615
1444.8896
1435.3540
1241.2703
1511.2053
1391.7065
1360.4870
1654.8204
940.3050
1556.7001
1842.8496
1176.4807
1170.3954
2051.0660
1159.7555
1685.7024
1490.0446
1868.8591
540.2574
1382.9358
1414.8171
1056.4383
574.2178
1433.8885
1125.8385
1115.8663
1727.1419
1107.6560
867.4877
1385.8182
831.1426
1746.0913
1075.9708
1852.3890
1939.5706
1085.2261
857.1087
1739.8667
1611.0573
1538.1488
1924.6961
2051.9027
1512.0256
695.8136
1554.1032
709.9207
1188.2241
1786.3740
1909.3103
671.0920
612.0546
1373.3563
1603.9110
1193.4208
795.4523
1597.0409
1511.3400
2039.0156
1861.1096
1894.1715
914.8469
1804.4728
1186.7130
1450.3034
1635.9790
1928.4696
1659.9249
1713.9616
900.9561
1811.0656
1885.5759
1571.0842
1646.4048
1304.3739
511.9250
1034.2824
726.2977
1481.8768
1981.6060
1904.6509
1430.6363
1428.7705
1127.4781
1427.2636
1752.8136
1734.0661
1180.1387
1623.6989
1476.9660
1396.2944
1911.5954
1509.5872
982.1722
1648.5572
1414.0420
1564.2188
1533.9666
1981.7637
1459.8094
1585.4662
1742.6552
1500.2506
1659.2541
2118.2314
1814.9975
1928.0361
1549.0053
999.1128
1032.9586
2096.0965
1961.1519
1946.7452
1084.4299
1660.3433
791.1568
489.0168
1428.0266
1591.3597
1146.8359
1026.4988
1209.8738
1886.5653
1932.1827
1564.7419
1757.8627
2031.1530
2007.8412
1683.2736
1521.7509
1593.4892
1730.8857
1446.5617
2019.2496
1518.3606
1285.4659
1885.9047
1735.7683
1822.8057
613.5757
718.3460
1904.0240
1561.2290
1708.4398
1964.4401
1544.9537
1813.2401
1583.0787
1884.2823
1273.8926
1803.7581
795.9940
1539.7362
1626.1795
1703.7936
1223.4828
1551.4331
949.0176
1807.9586
1639.0742
767.4206
1551.0145
1790.7162
753.3785
1262.5711
1637.8145
1803.8757
1779.7284
1360.3960
957.4781
976.7758
916.0463
1443.6918
1405.8164
798.0185
1785.2837
1107.1040
1097.5717
1768.7989
1545.3257
956.2344
1884.9420
1250.9080
1094.7421
1529.5563
648.3867
1327.3930
1157.8430
1753.0974
739.8880
1338.6920
1005.2437
1900.3113
1429.3354
1523.1892
1706.4208
1713.0624
894.6537
1828.4739
1699.5702
1059.8184
1147.7488
1567.5199
1559.4333
1168.3714
1671.9777
1739.9022
1672.2596
1565.3881
1436.9844
1730.6144
699.8714
1360.2881
1245.7968
1602.7590
1158.5947
1574.9533
1813.4122
948.2124
1496.6719
1185.4790
1746.8980
1596.2575
1362.1556
614.7834
1233.3168
1947.5644
1564.1288
823.9764
1805.6035
1368.9647
1240.8628
1756.4234
1512.0150
1427.2046
603.2830
1117.3609
1803.7740
1679.2082
974.5640
983.0593
1837.5643
1148.3145
1371.1668
1778.2268
1613.6510
1447.8497
869.8149
1760.3750
1750.6152
1758.5547
1811.6041
1385.0153
1362.7226
1553.2322
1885.1213
797.5467
1632.9667
1721.0057
1458.1417
1413.0253
1820.3274
804.9203
1666.8959
1449.3565
1811.0400
1948.4858
1557.5892
1485.6900
1398.6633
1805.3504
1627.4496
942.7794
1074.1285
1272.4263
1249.2501
1451.7431
1701.0841
2048.0440
1515.4122
1229.4289
1293.3178
1032.5077
1454.3546
1218.8390
1790.2404
1702.3155
1726.3607
1188.5970
1676.8395
1638.5221
275.1566
2038.2875
1391.7547
1690.0117
1619.4756
1776.1434
1792.3914
900.8653
649.0205
1211.4228
721.3405
1733.0299
1750.0055
1922.7657
511.5633
1423.2438
1693.4748
1451.5047
1586.2057
1511.0491
1165.4689
1759.1299
1060.5244
1534.5395
1656.1063
1478.6626
1928.9835
1690.7011
687.4852
1631.0294
635.2192
1637.8877
1829.2279
1782.9941
817.7933
1420.1212
1223.8215
961.8929
1611.4673
850.4371
1626.8038
1659.6295
1634.7672
1970.0840
1852.2094
1520.3356
1175.4311
1150.5054
1736.4164
1291.3614
1576.5663
1382.6987
751.0547
1029.4188
1409.9531
1015.9291
1808.6355
1354.1663
1964.7717
451.5481
1730.0206
1411.2961
1828.3905
1639.9219
420.0109
780.6104
1753.1273
640.9025
1004.6075
1507.5159
1460.7531
1696.0611
1353.5707
1779.2898
1369.9291
1723.7219
805.7346
1545.5946
1347.7380
1144.3823
1477.4223
1608.6308
1451.2433
458.6281
1101.9406
759.1286
1422.9058
1576.9951
959.6822
1254.2665
899.4526
1092.8258
1167.4912
1518.5529
1855.9479
1899.6892
1943.2094
1375.3130
1923.9503
1770.2663
1014.6671
1301.8388
751.3119
1097.0990
1571.4600
1214.9864
1676.4714
1836.4859
1570.0696
764.8548
1498.2102
1223.7366
1649.5959
1709.8580
1940.8454
1168.0838
1769.0352
815.4538
1569.0342
1299.4488
1101.1764
1721.0552
1422.8824
1639.5300
1696.0568
863.8726
1252.5273
1591.4755
745.6035
1634.1715
1340.9030
864.9310
1842.4339
1481.0362
1832.3891
1182.2729
514.9102
1078.8111
1515.5838
1849.1367
1782.5679
1755.0450
1320.3539
1307.2096
1614.1635
1647.1730
1395.6624
1458.7368
1949.3046
1390.2901
1644.4458
1452.5523
1660.3506
1876.3650
1825.6642
1867.7919
1184.9175
1065.3392
1033.2001
1433.5094
1552.8885
958.9757
1930.6409
1572.7277
813.7084
1462.3861
1901.7997
1534.5974
1113.6912
1063.9244
1533.3267
1253.4036
783.1925
1412.2437
935.8051
1397.7814
1271.3220
1183.2728
1641.1729
961.0325
1249.3225
1219.7040
1135.6092
1543.1935
1687.5790
763.0944
1731.6578
1158.6158
413.4914
1370.2341
1014.5695
1451.5676
1044.6687
1636.7301
1232.2354
1453.9815
1200.7214
1728.9749
1092.4640
1601.5245
1231.6467
1606.5969
1926.6974
2004.3110
1676.5120
1222.0659
635.7011
1744.9536
1456.2020
1497.3799
1376.9230
1639.4821
1880.5490
1519.8119
1487.9498
1498.6198
964.0483
1959.5639
1834.2783
1850.7768
1171.8389
1412.4981
1574.5531
1615.7931
1468.0330
720.6547
1813.3046
1303.6374
1744.3096
1399.1392
841.3319
1690.5489
1791.5920
1383.8495
1919.5210
1554.6279
1545.9790
733.4929
1470.0944
2013.5440
1488.3997
1617.4942
1826.0657
1607.6390
1516.5459
1819.7972
1515.4757
1534.3413
1466.9267
1535.9676
1558.1882
2030.9148
932.1864
748.8646
1820.8571
1485.7049
1301.7566
434.3935
1392.1621
799.6688
889.6924
1802.8926
1014.7383
1563.9668
1727.2819
1729.3527
1375.2098
1839.5734
1330.5713
1089.7320
1312.5502
1727.1282
1515.4208
1605.4012
1614.1620
1400.0238
882.3351
1526.0635
1542.2010
1273.1591
1466.6584
1670.7911
1562.3652
1157.2122
1646.7221
1346.7426
1581.6209
1740.7592
1044.0691
1936.8690
1475.6794
1818.9092
1106.5876
1963.4768
1641.3192
1947.6509
1254.0197
1073.0257
1956.3472
1768.6331
1508.1263
919.9567
1397.7305
1806.5033
1405.1309
1623.5704
1359.9788
413.9157
1671.2436
1075.5588
1165.1133
1263.6102
2147.5415
1289.3331
1403.6367
1620.7960
993.5423
664.2558
1321.7729
1443.2866
1417.0658
1545.3405
920.6519
1057.8934
1450.2815
1442.1349
1492.3113
1441.5220
1836.2042
1518.8958
1248.1983
938.1467
1521.5463
1677.2796
1408.5439
1418.0432
1496.3958
760.5105
1507.5652
926.1619
754.3690
1346.5833
1612.8311
1561.0375
1803.6551
1234.7858
1687.9182
984.6277
1597.2947
1806.7232
1110.0426
1958.1912
1235.5495
1884.6977
694.4995
607.1601
1513.1270
1078.1429
1787.1943
1258.5599
1831.1465
1592.8364
1426.6038
1665.1670
1256.8934
907.3561
1818.4423
1687.1945
599.4631
1252.0757
826.3987
1068.7171
856.1452
1465.2596
1546.2614
1528.8566
1879.8773
608.9274
786.2446
529.3919
1358.8962
1118.1481
1550.8243
1005.7148
2048.6173
1593.9091
281.8781
1503.4689
1181.3925
671.8458
1195.3147
1481.1705
878.7614
1752.4337
1787.6468
1766.2834
821.6119
384.4975
1451.5396
1004.6991
1514.4975
1506.7198
1035.0711
1632.1211
400.2820
557.4555
1724.5092
1677.7565
786.8007
945.2726
1154.1721
1426.0224
1457.7607
1373.7214
1758.7868
483.1990
1381.8275
842.5831
1450.0514
1661.0727
1726.9107
1625.5758
1588.0986
1823.8237
1458.9685
1964.8410
1287.6909
1602.4111
815.4456
1484.3837
1335.2511
816.3899
1544.0481
1644.8797
1544.5489
1752.0010
1465.3510
1669.6499
1483.3898
1199.2347
1327.0833
1209.3855
903.6505
1704.3223
1603.6206
1482.3575
1412.6707
1998.9481
1791.1296
1731.7382
450.4939
1153.0263
1212.5162
1984.2585
1470.4780
1110.3042
1479.1194
1035.1195
1827.5376
1764.9452
2045.8790
1645.2116
1458.8483
948.4913
1940.4507
1622.7165
525.9075
1325.0087
907.4060
1361.9241
1556.5660
1523.3671
1403.9764
1664.7310
1436.9265
1804.8947
1415.1585
1121.1764
1441.5670
1551.2780
804.0937
1527.0043
1562.9818
1115.2966
618.8590
813.3743
1364.3703
1167.9189
1510.0210
1023.1823
1730.0705
1691.9383
691.0341
1594.6810
1462.3193
1415.7779
1276.3303
1243.7733
1751.9326
1475.6231
1788.5324
2037.5527
1892.9939
1605.2964
1207.7276
1055.8419
1464.0779
1450.5162
1715.8850
1588.0555
565.4955
1848.9297
1886.5718
1882.9142
1731.8892
1334.0129
1396.6560
1150.7948
1268.6349
1729.2528
750.3534
344.8055
956.6098
597.7091
1355.1792
1024.1469
905.5593
661.6689
853.3038
1662.1893
1439.6005
636.4869
1095.5632
1823.1944
899.0500
1734.0749
1819.6755
1507.5586
1694.8177
451.7286
1455.7874
1381.0996
922.6130
1262.0182
1333.6336
1063.3022
1938.6547
1419.3961
1539.5332
768.1515
2110.1592
1110.8077
1931.3703
1003.2807
1377.8064
1292.2291
1455.5951
721.4914
1325.8877
415.5675
1419.3651
1753.3114
1862.7521
470.9410
1730.4110
710.8098
1065.3216
1002.3567
1174.4219
1720.7649
1403.5610
1394.5458
1571.1973
919.0839
630.5241
1177.6565
1883.0144
1785.2261
1132.9785
2013.3116
1875.1858
1618.0589
910.3175
1544.7638
1556.9060
785.2617
1504.1034
1208.7359
1668.2115
1320.1068
1470.9056
1655.7170
1524.5957
1382.2308
1690.7058
1681.9535
1630.8997
1458.1997
1081.6622
1553.8612
1808.8568
1057.4211
1642.3469
1110.6734
895.0387
1675.8687
1484.3898
1939.9349
926.5622
1130.6287
1099.3219
1096.0991
1805.3173
1263.7732
1956.4143
601.3100
1418.6254
1493.8078
1344.3240
1505.6010
1734.7676
1974.3002
1551.8942
1163.3611
1312.8602
1795.9936
2008.4522
461.0834
1964.7938
780.0305
949.5610
1751.6529
1011.5701
1495.9480
559.1980
1827.5569
1578.9370
1930.2963
1934.7740
1292.4921
1563.3604
1542.2638
1928.8679
1649.4985
1413.2153
919.9658
876.3821
1540.7540
799.6438
1642.8504
1392.8568
1431.4520
2106.6355
1604.4710
1613.2818
1585.8725
1119.7194
1837.1870
1701.8005
1913.6267
641.4134
960.1387
949.4489
1504.2036
1755.2267
1744.3076
1525.7951
1891.2884
1619.8419
1482.2541
1584.8801
1734.3066
1563.7312
1938.8031
992.8081
1284.0742
1001.6239
1738.8601
1684.8982
1741.8703
642.9528
1324.7971
857.0493
1121.2449
1185.1793
1206.8164
464.1016
1392.1238
1394.9950
1624.1081
1086.1228
732.3856
990.7019
1633.4173
564.4812
658.6982
1603.7409
1746.7956
1274.7353
1716.2700
1594.0285
1737.8121
1599.7097
1618.8862
1556.7069
1310.9572
1711.7168
1573.7362
1260.2505
749.6243
1085.6164
1087.6086
1345.8360
607.6316
1545.8567
1888.8938
1759.3086
1398.3136
1464.5556
975.0727
1741.2337
2110.7834
1348.5325
1211.5605
1796.9783
1103.5448
1330.9822
1456.7454
1598.7328
981.9063
1137.8875
1828.5896
1761.9345
1826.0783
1420.5977
1635.9165
1713.6990
1606.0983
1931.8435
1708.2526
1663.4557
1712.4407
1383.5170
1768.9986
1409.0327
1554.7674
1323.4589
1465.9721
1513.5177
1457.2834
925.7113
662.4345
1625.2837
1642.0134
1147.8598
1108.5768
1098.8336
1460.1364
1272.1786
623.9713
720.1197
1619.9408
1740.6728
1525.0290
1501.3670
1940.8193
1900.8762
1924.2199
1231.1875
1559.1378
1013.1297
1159.4054
982.6697
1782.2661
625.2102
1634.5577
1098.6803
1686.1167
1852.7935
1384.8404
1551.9312
1060.7553
1540.6624
1744.2571
541.7968
1394.9254
1203.0573
1452.5796
1428.1868
1517.2572
742.8916
1424.3130
1571.8079
223.7695
802.2768
1941.9812
1587.9196
888.3417
1146.3613
1747.6295
642.0969
736.3585
1839.0408
1697.0879
1622.1983
1879.7949
1815.5518
1320.7564
1646.7919
1188.2823
1790.3394
1669.1017
1594.8818
1569.6009
1903.3772
640.8303
1748.5980
1155.9091
1613.7359
1560.8980
822.4131
1276.1920
1590.3643
1541.3488
819.2218
1472.5291
1891.5679
1493.1858
931.4848
1416.1946
1427.0760
1592.5277
1875.6235
1804.8808
598.6972
242.6616
760.9733
1602.2214
1754.8917
1792.0081
1548.3157
1518.6382
1808.5451
1703.5600
1648.6293
616.2882
1597.8846
1875.4995
1558.3581
1710.9508
1927.9669
1354.5320
1847.3367
1330.1216
1222.3102
1451.6387
931.8154
1637.3174
1545.6432
1740.7475
1226.4518
1508.1819
262.9785
1851.9776
1471.9888
1406.1110
580.2089
866.9206
1789.7052
1625.6651
1767.5847
993.1582
1752.9238
1434.9356
851.2314
1681.6288
1340.7167
919.7246
708.3886
1236.3112
1919.6064
1907.0779
1400.7906
672.0920
1110.3724
1069.3638
976.7748
1738.0722
1340.1697
1301.9796
1354.3759
1513.5291
1392.5258
1854.3421
823.4090
1258.3837
1808.9582
1628.0958
414.1065
1829.2045
1481.4410
2010.6867
1776.1771
780.0305
1135.4747
632.8196
1592.2848
1697.3320
798.1065
1089.0571
1694.6175
554.4308
1047.1654
854.2097
1698.0336
1536.6656
2035.2553
947.4615
1190.8102
1233.9458
1465.0425
1920.0999
649.6491
1840.9865
1389.1778
1476.9285
587.0605
1706.5898
1564.2188
1856.4809
1793.7425
674.1426
1607.2306
1203.8807
1806.6825
1419.1522
1612.9630
1664.5534
738.3087
1101.6024
1011.0867
952.7387
1458.3023
1471.9568
1770.1603
1453.9533
1409.7500
1441.0285
1282.4077
1392.0795
1438.5086
1893.3167
1015.5148
1814.4340
1593.7617
1700.4562
1471.6091
1054.2137
1427.9753
1938.9426
1678.7218
874.1444
1550.6994
1492.6309
2005.2416
1614.4252
1688.3793
1741.0572
1414.1532
1514.8090
1643.6822
1807.3421
1039.5947
1536.1260
874.0877
1725.2397
1776.5334
515.8066
1615.5397
1842.8396
1800.6089
1365.7263
1349.7823
776.4451
1099.7253
1799.3028
1135.0722
1733.9501
1210.4160
733.2004
1374.7158
1613.8866
1285.7906
1752.8132
1210.1525
406.0613
893.6088
1731.9689
2012.3124
1733.2605
1482.4105
1914.5450
1184.7790
1531.6508
1719.7789
1668.1622
1285.2108
1496.9816
1437.1225
1641.9489
1009.7382
1600.8262
1473.5483
1146.3107
1016.1836
659.1564
1815.0104
1193.4087
1571.8647
866.2722
1092.1397
1473.8340
1591.4898
1066.3122
1340.2985
1718.0717
809.9874
1928.9480
974.0318
768.6051
1680.1521
1055.1692
1551.1460
1945.2874
1117.8217
1867.8948
1891.3957
1876.9044
751.8610
400.5297
927.9905
1506.6325
1766.7146
576.5713
1774.5900
1807.7639
1229.6634
1635.2668
826.8870
698.4673
1695.0521
732.2373
207.9793
1179.6813
1805.4466
1630.9413
1613.9638
1941.2009
1639.0109
1991.1868
1633.6077
1412.2846
1262.9566
1653.6177
927.8187
1414.8484
1540.5716
1787.7421
1222.4314
1683.0962
1247.6566
1508.8771
1509.8132
1419.6235
1361.9370
1114.4219
1813.0456
965.1612
1750.2085
2018.4588
748.9586
1813.9347
207.6204
1834.3459
1227.5929
1741.4966
1703.8093
999.7594
1770.1911
1844.9741
1563.2745
1585.6020
637.8144
1522.8354
1775.9702
1495.6403
1349.1256
1773.8890
961.6639
1899.9941
1613.2445
1246.5188
264.0914
1858.2152
377.4687
264.6434
1251.1307
907.0927
1799.7332
1847.5878
1495.2841
1825.2182
1549.2683
1488.9286
1577.4687
1142.4705
835.7681
1669.2243
1142.6632
1474.8430
1173.3086
1451.5687
1681.6931
1632.1384
1570.7306
723.4632
1473.6980
1443.0602
1792.0798
930.8173
646.2061
1239.4096
1211.4865
1392.4407
1082.8701
1697.7600
1516.2587
1810.7370
820.4837
1634.5892
806.8881
1931.0864
1926.5763
1557.2070
1196.2630
1487.7638
795.3601
1935.5042
1203.6870
859.3305
1635.9693
1105.8111
883.3871
487.6064
933.0616
500.2201
1710.9431
1910.6324
1697.2159
1331.1025
1146.3957
449.7483
1533.2487
1685.3658
1153.2638
422.0106
1515.5222
1594.0778
550.9181
1341.5662
749.4214
998.0664
1170.2507
1984.3221
950.7444
323.3519
1180.3756
1848.8766
1464.2831
1837.7232
1919.8797
1179.4867
1600.9520
1903.6102
1253.1184
895.9694
1060.5989
1725.2638
1304.4614
1638.2968
993.7326
1666.0638
2034.0140
1576.6788
1094.5345
1915.0473
1909.5359
1330.2001
1702.1581
1464.2854
979.5095
1888.6054
1397.8487
1325.6155
1496.1233
1749.8169
1481.8637
553.6285
1509.8639
830.6957
1112.6356
251.5192
1640.0331
1912.2541
1808.0849
1168.7949
1309.5623
1748.3720
1916.9662
1632.5583
1264.2972
1461.1765
605.1567
1793.9811
1640.2697
1081.2782
1788.4329
1183.5790
1699.5068
1916.2811
1628.5926
710.1660
930.8949
1519.1681
1876.8853
1411.5247
1163.1671
1517.6205
1377.5247
1130.5001
1836.4609
1595.1344
1792.5825
1588.7442
907.5157
1867.6479
1465.7591
1656.6077
1005.2548
1568.8947
1086.2146
933.9691
1523.1169
1615.0377
1518.9164
1521.7854
1911.5018
1210.6283
790.8486
939.8847
1757.7628
1658.0763
1705.2564
1359.4394
1317.8141
1320.3024
712.1860
1949.0786
1111.4390
1913.2947
1022.3638
1553.9711
586.4533
1461.2603
1129.7045
919.6319
391.5305
1723.1028
1735.4766
609.8170
1147.3116
1996.0422
1820.0394
1170.1020
1853.6280
1510.4263
1583.2531
1665.0752
1487.5316
1971.2750
959.1087
689.5028
2024.4888
1559.5929
1439.7686
1868.2379
2090.5899
1498.1814
1651.4533
1648.9279
1415.4353
1179.7898
1243.1657
1293.0891
1481.3050
1470.0129
1932.2509
1561.2808
1568.2829
1684.2569
1643.9074
1262.5047
1811.6506
1012.7547
1421.2680
1431.7033
1531.6230
1976.0705
615.4879
1118.9855
1270.8606
1935.2833
1740.9560
1184.7387
1913.4973
1636.6927
1656.7091
1760.7599
945.7717
879.4296
1745.9972
335.4743
1909.9106
1929.0189
1849.4886
1729.0333
1374.1219
1576.3956
1481.2389
1819.5675
272.7301
1640.3031
1146.9008
1256.2224
1922.2231
1404.5776
1209.2163
1577.5305
1616.4341
1660.8028
1477.5123
1599.9603
1336.7950
1865.8651
922.5441
1363.9808
1101.7621
1188.3467
747.0686
733.3397
908.7399
1600.1671
564.4211
1412.4997
832.2555
1548.2109
1754.2817
1824.8645
1550.6397
1857.1322
1499.4629
1350.2148
1579.6774
1918.6160
1057.5494
531.4705
1156.1144
1760.0013
1649.9386
1905.9832
1827.0518
683.7865
449.1589
1739.4721
1160.2068
1781.8750
962.4463
1890.7561
1091.2187
1640.6052
1215.0567
1106.4957
1396.6245
1375.5439
1858.5064
1103.2656
1971.1531
1515.4738
1430.5347
1595.5337
1643.2187
1901.5984
1721.3025
1570.8497
1126.9276
2075.9058
1128.5014
786.2407
1450.6343
1287.0801
1531.9619
841.0587
1292.0558
1249.9527
1646.2722
1613.0961
1930.8603
1294.3173
1381.3390
1568.0606
548.5967
1677.8114
1572.4698
1849.8206
1848.1906
611.2786
561.5467
1625.2867
1850.3493
1142.3618
1840.6530
836.9304
1153.2866
1406.6528
776.7209
1999.9055
1407.5593
1071.2202
1760.0669
1909.2813
1505.3980
1041.9905
855.7348
1499.2481
1577.4485
1833.4310
1528.9770
1646.1346
1656.9169
1108.2509
1829.5987
1640.3217
1421.6466
1839.1701
303.2050
1722.4447
1319.0214
1688.9194
626.8084
674.3414
1862.8454
1771.4429
1269.9024
880.2502
1539.3969
1916.0959
1741.4236
1263.5189
1653.3245
1616.3968
1249.3181
1649.5681
1646.9276
1539.3534
1139.7175
1333.4091
991.6047
1773.9181
1769.2501
1595.9332
1925.7077
2106.5883
1786.8052
1429.6713
1568.5097
694.1133
810.4937
1513.4820
772.8496
1515.6575
1358.3473
1872.7553
976.0068
1757.6871
1672.1652
1641.8523
1587.5403
1512.5916
1810.0086
479.3098
897.3212
660.8360
1350.7069
771.0443
1831.8880
1760.9530
1972.3238
1610.6043
1349.8638
1071.1684
442.8100
934.1671
1689.5452
1547.5228
1625.2318
945.8305
976.2821
1420.8064
1332.0904
1468.9267
965.0278
968.1322
1514.4024
1498.0906
1918.1114
866.7483
1152.5323
527.3285
749.1548
1780.7931
1462.5556
1770.7446
1517.6481
1643.9250
1475.5077
1834.6042
1848.1918
1156.4021
1854.1393
1501.1051
1632.3547
954.4110
1472.9506
1718.4950
325.3778
1832.9975
1808.2248
1144.3498
1478.9760
1004.4685
1730.0042
1232.2671
1485.1081
1502.2493
1563.6973
665.2363
1594.3225
1667.7222
1631.6083
922.0383
986.0382
1837.1353
715.6493
1752.2874
1788.1481
905.3224
1367.2765
1974.3768
1563.3325
803.2984
1722.9745
1157.6634
1129.9858
1236.7566
1772.9355
995.8147
1309.3401
1947.3923
1439.0165
1162.6968
1664.7489
1762.4843
1432.9462
949.6469
1441.7898
1108.2454
742.4791
1253.6197
1380.0950
339.8432
1639.7495
514.2312
1542.3673
1293.9048
1768.8532
